0 50
1 66
2 70
3 74
4 84
5 97
6 112
7 126
8 138
9 141
10 144
11 147
12 159
13 169
14 180
15 191
16 200
17 204
18 208
19 212
20 217
21 220
22 229
23 235
24 253
25 264
26 276
27 286
28 296
29 305
30 309
31 313
32 317
33 321
34 325
35 328
36 332
37 350
38 361
39 370
40 381
41 392
42 402
43 406
44 410
45 416
46 420
47 424
48 428
49 432
50 436
51 439
52 442
53 448
54 452
55 463
56 465
57 471
58 478
59 488
60 499
61 508
62 518
63 523
64 533
65 543
66 554
67 563
68 572
69 575
70 583
71 592
72 595
73 603
74 609
75 612
76 621
77 625
78 628
79 632
80 642
81 647
82 657
83 659
84 669
85 674
86 678
87 688
88 698
89 700
90 704
91 710
92 714
93 717
94 724
95 735
96 741
97 745
98 749
99 753
100 758
101 767
102 779
103 786
104 794
105 798
106 802
107 806
108 815
109 823
110 827
111 831
112 835
113 839
114 842
115 846
116 849
